Error: 1251.33
0       1       2       3
4       5       6       7
8       9       10      11
12      13      14      15
Error: 1247.26
0       1       2       3
4       5       6       7
8       9       10      11
13      12      14      15
Error: 1243.92
0       1       2       3
4       5       6       7
8       9       10      11
14      12      13      15
Error: 1243.19
0       1       3       2
4       5       6       7
8       9       10      11
13      12      14      15
Error: 1238.04
0       1       3       2
4       5       6       7
8       9       10      11
14      12      13      15
Error: 1236.51
0       1       3       2
4       5       6       8
7       9       10      11
13      12      14      15
Error: 1231.37
0       1       3       2
4       5       6       8
7       9       10      11
14      12      13      15
Error: 1224.69
0       2       3       1
4       5       6       8
7       9       10      11
14      12      13      15
